9F0B13944841A832B2421B9EAF6D9836813EC9D944A5C8347A7CA69AA34D8DC0DF70E343C4000A2AE35874CE75E64C31

data1_m = [198, 106, 106, 181, 104, 24, 199, 71, 146, 37, 126, 234, 143, 12, 246, 22]
iv_true = [159, 11, 19, 148, 72, 65, 168, 50, 178, 66, 27, 158, 175, 109, 152, 54]
result = [89, 97, 121, 33, 32, 89, 111, 117, 32, 103, 101, 116, 32, 97, 110, 32]
data1_plaintext = 'Yay! You get an '

data2_m = [192, 16, 233, 228, 109, 174, 195, 63, 113, 119, 173, 145, 168, 70, 134, 203]
iv_true2 = [223, 112, 227, 67, 196, 0, 10, 42, 227, 88, 116, 206, 117, 230, 76, 49]
result2 = [65, 46, 32, 61, 41, 11, 11, 11, 11, 11, 11, 11, 11, 11, 11, 11]

'Yay! You get an A. =)'

